Sample_id,Class_1,Class_2,Class_3,Class_4,Class_5,Class_6,Class_7,Class_8,Class_9,Class_10
1,0.14411927352371245,0.06331356195690649,0.43665561000888925,0.018117388518039654,0.06993629688029045,0.11275650320674951,0.08920672213504635,0.0025483871513220014,0.035976904037212216,0.02736935258183143
2,0.10781581785571602,0.04604321995412219,0.36876702595252703,0.031753869432862014,0.07842331807040484,0.13673520796423005,0.11689063842947381,0.027958022993252396,0.04848275762210384,0.03713012172530785
3,0.682843877136407,0.03117933575364529,0.001348688008652254,0.0023123453949665776,0.04119364610120589,0.0445573234034203,0.03481498883664703,0.12274489035307058,0.018687618511948643,0.020317286500036256
4,0.9032340740678548,0.029865065698609857,0.0025936245494433776,8.475722955251835e-05,0.029588051962531284,0.0010098702359674797,0.005972855687312964,0.001217726119477887,0.01134912454965912,0.015084849899590835
5,0.8710653042582494,0.005760146535363914,0.0030669397933766667,0.0019304788051999178,0.03274638335844607,0.026981191907811924,0.007519991956772087,0.017304794955007415,0.01551675382084364,0.01810801460892899
6,0.3513887576815702,0.0018879474080037103,0.005431760153264837,0.011211238334685127,0.037207515050024856,0.11361044250990521,0.04181983917306038,0.41196504367485975,0.0124180120017975,0.013059444012828488
7,0.3105686422870838,0.1289692446809049,0.05348649997729113,0.04019304428832298,0.09145707615890555,0.16308827222643385,0.10441912960538492,0.016557152223999134,0.049776096657269585,0.041484841894404025
8,0.6766774738186586,0.011901361000910805,0.00043810714095259175,0.008590195644763265,0.04438641744657162,0.009569657221696058,0.06954390294305453,0.13717631545948944,0.01954011024948835,0.02217645907441497
9,0.8742634094975059,0.001072797973300315,0.00499407235951917,0.000853963574148459,0.05201403383408822,0.014345449881658359,0.013880946797994387,0.007753443431545645,0.0167587425279827,0.014063140122257043
10,0.43004638018046104,0.42182420229346057,0.03166882188584888,0.0032340160481514786,0.03711562134212832,0.009942106136613147,0.010619440025088094,0.015117098451938222,0.020520773386998852,0.019911540249311438
11,0.8112941413399452,0.01861016219703263,0.0062301869567496,0.0007708083692340258,0.04682359142302692,0.018396699209791225,0.03697040951425958,0.028150866926816717,0.01610910052467634,0.016644033538467745
12,0.15370819390059556,0.017305256024461337,0.10612949539447276,0.16713121253268762,0.09879436014875288,0.02693061195084656,0.20223821174051226,0.12144245609920527,0.05064809979555529,0.055672102412910485
13,0.835844210670917,0.0429985439604675,0.01253232030155969,0.0007755959167022714,0.04201641478273865,0.010622840028015246,0.015122486670854947,0.0014927308894254327,0.019013830012527117,0.019581026766792197
14,0.1266640643977814,0.01087337682354536,0.010341580974697073,0.3172979269956758,0.06771309212775123,0.05059835145328209,0.021527792176426412,0.3458766808648935,0.026012489038307218,0.023094645147639824
15,0.35203635157248403,0.045454950853627524,0.000977988936156424,0.4208534520163153,0.04283847521953733,0.03393313607822321,0.05708582937182784,0.003385183708476944,0.01926423346281564,0.024170398780535816
16,0.4315692815308181,0.07113567531798808,0.0016376129517774616,0.076705751834692,0.057779435334195973,0.030037411768447046,0.0514985280588345,0.22465272472652306,0.026958963322378755,0.028024615154345175
17,0.27869628182729306,0.15658629901530485,0.1998648978062536,0.030877683610785817,0.0787294779467149,0.1173358891376529,0.04349076037012801,0.011162489136343122,0.04592831884732485,0.03732790230219889
18,0.9161598564166836,0.02194634688209178,0.012901206079811803,1.2526779822941814e-06,0.027150597266755373,0.00045690066398274893,0.0009639750831365549,4.418665029760292e-05,0.008705867726054386,0.011669810553203819
19,0.1458731472309535,0.010233923260296368,0.4648926405642302,0.0015738166572777986,0.05849509721189113,0.17369935614283555,0.03824032915229965,0.0555622535476689,0.029535948666192947,0.021893487566354043
20,0.25091553039675324,0.6492914130840877,0.004079471946780393,0.00659908119584462,0.03475184940691255,0.007798350100496138,0.01801493764859989,0.0005357246447995492,0.014494682308966519,0.01351895926675944
21,0.3835243849612593,0.4681436582381149,0.055982578025351046,0.0009956023522709094,0.030586785576467268,0.009197923425309082,0.014685060332599548,0.0006332013816746065,0.018256424251162605,0.0179943814557907
22,0.7175291480631245,0.005253597472119832,0.019583037782171072,0.014925156362156237,0.059480073223028375,0.04903605016092527,0.062226370652371917,0.021533932660049097,0.025702589244125093,0.024730044379928616
23,0.8439971728640053,0.013253390352548184,0.0076459755634175125,0.021286170886211275,0.049754028456761724,0.007479167964548333,0.015172382300355272,0.004554783100539044,0.01789218027888801,0.018964748232725336
24,0.20020159384266506,0.4151109498213354,0.002445492723584663,0.08858430182722254,0.04146385146807009,0.028734017363266674,0.043461826089813346,0.13725255179652307,0.020038809337660318,0.02270660572985885
25,0.5977852607509223,0.15880559704904457,0.05379697121659614,0.002825951255026925,0.04238277478639405,0.013780570683464971,0.020918308992239946,0.07172172585608072,0.017895249519066167,0.02008758989116408
26,0.06927614499995158,0.21802648161423055,0.012385391797747088,0.5001474593909063,0.040046804397836484,0.052533565248607784,0.06573387500382775,0.003796104987470234,0.019942519466606537,0.01811165309281563
27,0.05078709771466236,0.33296456314248846,0.3105686606024179,0.024302886313262165,0.06010609634591609,0.13568651891357839,0.034646401322609315,0.00041862779004559874,0.029086575770724953,0.021432572084294672
28,0.44382458329350327,0.0020572873757963286,0.020221701446430283,0.013606973716635735,0.05128557473163125,0.04202328992711469,0.03270289716383146,0.35784221580561865,0.018679456163005006,0.01775602037643307
29,0.4917745312401898,0.0017205850172706976,0.004760632634754442,0.014497533129783882,0.036804047332307396,0.07511476969231974,0.030729847629114803,0.31367337937700457,0.015999842891558945,0.01492483105569567
30,0.8348940105389174,0.004760055154270741,0.010464158729442948,0.0019960017116226743,0.04370280623458351,0.022963300523446705,0.025720776922442786,0.02303165299458937,0.015548006339690758,0.016919230850993155
31,0.13394250560337706,0.09447882292445578,0.011534440912368455,0.5392051969189569,0.045327176984043704,0.04731005754566234,0.06700335941271014,0.014345705351791794,0.022832813833119362,0.024019920513514384
32,0.8877706235887763,0.01606966199777495,0.0200370759274663,0.0002747874637630542,0.03657632798989945,0.0015640583666414467,0.008942149412778967,0.0015215121150366807,0.012798674964326153,0.014445128173536435
33,0.6569208568353533,0.07319560216440982,0.0076610353063774365,0.004875812575722751,0.04929263679206016,0.015004118366101356,0.062296518940396034,0.08668644089366742,0.020942720337854524,0.02312425778805723
34,0.3954414046671167,0.007922163445264209,0.03238824844375394,0.06472031799062092,0.08167207873501182,0.08938791302563735,0.059845894805906866,0.20787422177529014,0.03262217474629399,0.0281255823651039
35,0.13397373076559257,0.0916686584610363,0.0036782481153986137,0.590431143368677,0.040567045324530884,0.05136038189053857,0.04031164476193334,0.00793845020701346,0.020570797005995265,0.019499900099284043
36,0.13746615106267626,0.24576425428453166,0.09214513411329502,0.07689114048529135,0.08280420062973931,0.23943773986575015,0.02289065433147941,0.012539061520790155,0.04540026939772891,0.0446613943087179
37,0.8585840063738084,0.020247839281627992,0.0026783742175197677,0.0105720838070574,0.03908957341940254,0.01126239100397256,0.016595104176390887,0.007886717162751695,0.015030908605630906,0.01805300195183786
38,0.9000829446780073,0.00223493066826094,0.0022721223653587256,0.0002576686902004156,0.04314326009749759,0.007754959739319857,0.009837194640924316,0.004852243587877571,0.014850583175805943,0.014714092356747317
39,0.9059577002340644,0.008314831459596125,0.0015084183141235935,0.0016736982450050444,0.04758097189421893,0.003981604974730805,0.0029609616021420604,0.0036898434321005137,0.011900473488327767,0.012431496355690757
40,0.16379815091498134,0.5376106602349153,0.0069161279000169214,0.04613349171665019,0.058883627402927644,0.08304886619238244,0.03900712722622811,0.01317575025459723,0.026513044169814044,0.024913153987486766
41,0.7787293728027367,0.012427745401860148,0.006154219932407903,0.004859088136347733,0.05061761334284551,0.03420924236426563,0.03932674966563495,0.030980653463674405,0.020936651135436565,0.021758663754790592
42,0.3963282225033745,0.4838899470143654,0.0015942876995428416,0.0033640521452614866,0.04081602992929921,0.008426339672378482,0.021254946700335103,0.003985177305070745,0.02233334167318686,0.018007655357185393
43,0.22291256159600745,0.0019545916737960267,0.4560122408670245,0.000703795375658338,0.05007306022607253,0.14480814925838897,0.0169225099391412,0.06600753861685563,0.0239801319139229,0.016625420533132602
44,0.5120811783253573,0.034398566443380824,0.08805136008254465,0.023892979520166686,0.05586905972901839,0.0694752227549548,0.04358388272277471,0.11807658559025513,0.02759148029216691,0.026979684539380565
45,0.7220805301604034,0.07609294866437781,0.0054053913499787585,0.04281879133269402,0.050309125208945434,0.023616679089462356,0.024069321916967458,0.008207546432989795,0.02269001283797851,0.024709653006202426
46,0.1820027198458639,0.7386574594752279,0.0040858303303603245,0.0015823226772965458,0.03222427710937497,0.006056208566688483,0.0054970168986027785,0.0005179012208523497,0.01542275967861957,0.013953504197113255
47,0.31392057233306436,0.5713406094273245,0.004042521193467593,0.009759992613200274,0.03928336701383604,0.01644220120751366,0.01286664308633296,0.00034038423635066864,0.017092071588356038,0.014911637300553891
48,0.7998324345301053,0.1083749386374552,0.006168463182231297,0.0017655598469985502,0.03776654402550117,0.005401780418248695,0.010485572051567686,0.0010062938675966411,0.013901329603554047,0.015297083836741247
49,0.20588714548198636,0.024861949091767473,0.0023776799227375575,0.37145272557480097,0.03442559939706614,0.11768296644547842,0.01801261530183174,0.19694357448306915,0.013537174120055813,0.014818570181206274
50,0.5848939555340975,0.09265030993985242,0.0045286112160566406,0.05129003758747256,0.056089502317219424,0.06928294013631918,0.04811857773108799,0.039972561664767516,0.026106011568539894,0.027067492304586754
51,0.2417751699763592,0.5997531999356683,0.05097440020360714,0.001163304186451753,0.035147122594186266,0.04008173866105955,0.002342791621354192,1.6748113091632466e-06,0.01832035958929155,0.010440238420712806
52,0.2012479352897902,0.0034505667851748105,0.47188767301851575,0.05330284410290323,0.07501143985480101,0.135059608061955,0.019391330346936533,0.0018514432571972118,0.022081706554644823,0.016715452728081365
53,0.17204908122662352,0.05663454037651244,0.007467195316197853,0.24542186516369563,0.060546832932629205,0.27452220283700945,0.11858173593923489,0.009343221453244262,0.028358178798890327,0.0270751459559624
54,0.5835885082721898,0.00983359310297174,0.00036545262677997926,0.026667978592390864,0.0512397578336589,0.03130524996630806,0.07683165032123514,0.18478617250213017,0.01628578580803051,0.01909585097430494
55,0.030786528414221682,0.019767684123878658,0.7438144547265484,0.0006479069814982691,0.04939719952119826,0.11306342811404034,0.00726057688718018,0.003079562240076651,0.01996152241506995,0.012221136576287489
56,0.0654589708938551,0.037950158561881844,0.6726971802135621,0.010834272280563599,0.0573396389717481,0.05840918658958175,0.04560777774611319,0.004986904677397605,0.026126268184491246,0.020589641880805518
57,0.04002133279638986,0.13995673954886378,0.027578946719461005,0.04507922216565258,0.10522018297486904,0.3579799063998905,0.11302834174061378,0.05917361558227829,0.06240039974977278,0.04956131232220835
58,0.8748178035414896,0.03637861926918891,0.011460675842718631,0.0003970701093903635,0.03477778952635696,0.0019778008051835453,0.00802079501922939,0.004593074994058857,0.012422806031261413,0.015153564861122248
59,0.0027594808604290626,0.03979060519170257,0.6175159875216182,0.0066916885567991705,0.05936645621557768,0.22793753465204106,0.010372846908436203,0.0010799958650941949,0.022597066539831488,0.011888337688470375
60,0.5815793096358162,0.20741578872548375,0.01760284094922484,0.0018607469980183935,0.05609522327980185,0.04496675224312079,0.028642053275193112,0.01775334124878157,0.023357807189231135,0.020726136455328437
61,0.6801018836432217,0.010164039873584467,0.005137509066254256,0.11102881518391594,0.041417709978495705,0.04341679097940495,0.05947132566838856,0.00969383944789689,0.019018204190906312,0.02054988196793141
62,0.8462088989674743,0.00894467428945346,0.028698498920173163,0.005150818701570362,0.04237754945561461,0.01599104597716271,0.014832243036764791,0.0016455452637666838,0.017287579379323476,0.018863146008696433
63,0.08159952441693506,0.2747377183639485,0.0025075432891930654,0.3332410529233021,0.049584424335563294,0.09956632918475786,0.044110561748473415,0.07527490678696631,0.019699685704340855,0.019678253246519544
64,0.9151556554709709,0.000282445492934407,0.014565413563509525,0.00019049241923114343,0.036949798866048336,0.0010272058599954052,0.004236728991053512,0.0016525702844670093,0.012345158120661446,0.013594530931128328
65,0.3369504069632683,0.01680530976715639,0.010073860970868034,0.17379211976814424,0.06180996676051528,0.23936216313612474,0.08206860985367166,0.027038974304040665,0.027605793338018082,0.024492795138192518
66,0.47252537082804946,0.46172839895730633,0.000650062292371125,0.0003420628278712697,0.02654067469616697,0.0014952408791119266,0.004510350564558385,5.5232412870773976e-05,0.014731799643194972,0.017420806898498814
67,0.7499026714925209,0.024602360271090487,0.005297077556241,0.012597658935711166,0.03867349986338413,0.03859039901497535,0.0190306923832778,0.07445472666588633,0.01806560333062949,0.018785310486283055
68,0.021722981530339684,0.46574184439290905,0.001074266880693346,0.4016674173733684,0.024308321090105278,0.019220590596868672,0.0420288884992884,0.0011257326214721619,0.011398084887786162,0.01171187212716888
69,0.07681229966773158,0.6653202922018617,0.023108612357049096,0.10082624364110614,0.04080507628514618,0.04002156286279321,0.015253138080696177,0.00046428462728979327,0.0194195239134884,0.017968966362837468
70,0.6713616838335676,0.08978303258492247,0.07067377689183357,0.013497059213378447,0.05646363341078557,0.018587118224863395,0.02572294059663763,0.015402268028024746,0.019374026132791305,0.019134461083195154
71,0.8541519911824446,0.002442551678979242,0.004231386678752863,4.159598410873907e-06,0.04753450698402163,0.00390219783372906,0.0025254425709793893,0.06514939367595776,0.009900800992047178,0.01015756880467729
72,0.6458846583115492,0.051977499622733306,0.009337397614677688,0.024933414308702873,0.08188926862730724,0.051875348142291305,0.0388780032793529,0.0413884779217297,0.027613517803750466,0.026222414367905494
73,0.45909285693454355,0.01691610146581569,0.004155727746154829,0.0668170619293573,0.04466435907420087,0.1422200719503583,0.018324669955285824,0.20791032259483763,0.0201879912764697,0.019710837072976148
74,0.3215910007582586,0.014435979371903773,0.04491881853353787,0.1263097996725199,0.09030327594067601,0.06078280761682684,0.2455323755826457,0.023876791898685606,0.03533988687303997,0.03690926375190572
75,0.5332198928649815,0.0022921133189323832,0.0038782609021411492,0.0007409228389354695,0.033576024586993415,0.004022662039662676,0.020205536844909232,0.3762024979619309,0.012788311154354201,0.013073777487158808
76,0.01862940600406296,0.5829642599167978,0.3176856512903442,0.0005294765706029447,0.026356928960276187,0.01682893943970654,0.007984145971098167,2.2178428445586253e-05,0.016817079538905332,0.012181933879760373
77,0.6162259754334323,0.2176877867916681,0.008159258725281561,0.005794028197062859,0.03968634129599432,0.028636814975963296,0.015577718506819924,0.04111672555423909,0.013370819411417633,0.013744531108120886
78,0.0685116817365457,0.06343097812464799,0.58541713601203,0.0021716906311869517,0.05726671425125239,0.13394063060413983,0.03231818427611217,0.0051908203034072556,0.029982465515567235,0.021769698545110436
79,0.2252752847249046,0.03283675206625909,0.10914197349764683,0.02094308312438615,0.1065435255004182,0.3242989963858517,0.061369214377927306,0.01724005929412726,0.06067503896628887,0.041676072062189956
80,0.4669528330275232,0.12725351138888177,0.017365104792129372,0.048717516123835104,0.06727581550018082,0.1037880670032091,0.0592463589928926,0.0417776224671223,0.03456518756790515,0.03305798313632042
81,0.060616857646573784,0.08198133230885796,0.49704124302326363,0.0025376130062804703,0.07103680286648169,0.20026442531301622,0.017480308614766037,0.006659366999742932,0.035591915457223594,0.026790134763793643
82,0.7871940408160093,0.024895426096404355,0.0005914181278751348,0.005812492619945857,0.05026718933027041,0.0057834531622104725,0.06285876321131832,0.02978735591486247,0.01433088161322694,0.01847897910787668
83,0.8007894516963961,0.020258099720491623,0.0003191739729833078,0.0010935456705404407,0.04232425520319796,0.007818847338370282,0.04916830921066353,0.04109226531444279,0.018084957827288046,0.0190510940456258
84,0.48236377256452284,0.2964651950560284,0.0037149327060441986,0.11414397083798446,0.033483452022398774,0.015556236202878314,0.01872581789763744,0.0013682316263747916,0.017037731132475833,0.017140659953654918
85,0.019500893041467536,0.01462320707433904,0.7221698856804448,0.006328980366445623,0.040065642664306636,0.13307632711114636,0.012221790650099719,0.0017464059467038582,0.031034627049619908,0.019232240415426337
86,0.8221244402130448,0.003384046046327612,0.003608435382820913,0.002841032432499101,0.04331358473594841,0.014282821189211505,0.032150157789004506,0.03454285561584652,0.022256436118187933,0.021496190477108528
87,0.12098212090578406,0.2551107474462275,0.004492988968539501,0.41805068914598065,0.029710089139432908,0.04496796182932159,0.08585881141374584,0.00011624626662356516,0.01833319377407502,0.022377151110269375
88,0.01679225657450128,0.33962319060306156,0.41490725508342313,0.0126188013738418,0.04911121248667434,0.1036058903722039,0.022045019738092406,0.0013671911348544015,0.022655523650664738,0.017273658982682374
89,0.1447865505330028,0.00360853147760154,0.03400540060124152,0.3039772185779244,0.04602991190472946,0.07394862876472302,0.025659756070884485,0.3264189213791226,0.021448377200834822,0.02011670348993537
90,0.6231717386156251,0.0077825619223422715,0.008641859763084923,0.03518558505542264,0.04212101537999474,0.05030341623845454,0.03909115034502131,0.15472465362703647,0.018324266701478464,0.020653752351539496
91,0.5989923776824979,0.02843414308609664,0.033445423630348366,0.040670615150270636,0.05813058686340863,0.12305599054611485,0.03666203703757753,0.026134531542226752,0.027243348307966767,0.027230946153491854
92,0.1632272378350971,0.26042940067903014,0.35622449039547305,0.012638207753369516,0.057075002231710505,0.055767722752110616,0.03982524422261513,0.005004731538834641,0.026919410858479494,0.02288855173327987
93,0.8534901180822331,0.012446938458516476,0.003597217566317195,0.00039426996955508307,0.044272312196724506,0.004765906222748035,0.02951336893625695,0.02225581429739719,0.014359269025020601,0.014904785245230723
94,0.8841394312353619,0.009348862190758258,0.02529841437562256,0.0001773474330848328,0.040154209291176184,0.002848159033551768,0.0067120474769024685,0.0032235861794257608,0.01403421209017731,0.014063730693939167
95,0.77197810335687,0.07686460691761043,0.002342819898551577,0.010218699559242905,0.05225021160365559,0.021156170999216028,0.02822510589562266,0.001758368951375616,0.018229662160314304,0.016976250657540964
96,0.6276766174880896,0.02221419228456106,0.0014987460025808965,0.09460020675528477,0.05046945725674141,0.0267419455629144,0.05945096909452994,0.07064919830019374,0.021639792787821025,0.025058874467283148
97,0.023139558147544058,0.004056267771915093,0.008587631884701925,0.015467486955312994,0.09905866908141657,0.6800289805277635,0.04856122481883909,0.07373149686814771,0.02791177318781756,0.019456910756541636
98,0.14521213214153414,0.2442854730896682,0.03542016165163312,0.16790254039883454,0.07397152427964537,0.14046940813572342,0.07311306653937509,0.03031103565584553,0.04432046704571444,0.044994191062025936
99,0.19820070784180646,0.5754977503768725,0.01847766360232252,0.009485833638760863,0.05648216428863022,0.04215599764554435,0.04292893535409015,0.008484444600114315,0.025241019349042795,0.023045483302815917
100,0.24529337945640875,0.0026015900965913837,0.23127150897990256,0.1011646187203067,0.10169706304288721,0.0993360090406197,0.069660848669281,0.09088983539128541,0.03165612333052588,0.026429023272191432
101,0.8698831257338241,0.010800689293460841,0.0029416807218048,0.0009166709587480359,0.045489091787178366,0.005188259203720438,0.018670882845533303,0.015478541825717897,0.014823234685987409,0.015807822944024764
102,0.1601551072157936,0.026929508552415517,0.0020684429442600735,0.4919227022963438,0.05196437012954942,0.09303837391514667,0.10109021535503165,0.024152074764298148,0.02328937231740652,0.025389832509754524
103,0.5742393792713159,0.010151925943398499,0.005689250293405098,0.11142188088207909,0.07618680946418185,0.10561369821420119,0.029286994317986315,0.023325104240726723,0.033332089014387535,0.0307528683583178
104,0.6628333376736748,0.025116370410106566,0.0013272448693229712,0.009485775613914232,0.049836981072372444,0.07328507562398485,0.07742618733562348,0.05840499501161916,0.020956811652480256,0.02132722073690105
105,0.18253239576922284,0.25200126291895103,0.009473014352810848,0.2752549838622067,0.0721459581665765,0.050639319148444766,0.08527284928933082,0.0008921173310244257,0.03964750707055755,0.03214059209087448
106,0.6396619323643783,0.2390370807317714,0.0019094784424696025,0.0002400648833800931,0.03786688796993259,0.006074932390911357,0.006314171136196055,0.04057551121285359,0.0132317861060355,0.015088154762071532
107,0.7211939044696257,0.0017367321170716848,0.002365988453797555,0.001447913633530699,0.05294117055802727,0.031100189000527866,0.01850988792851495,0.13921317649695755,0.017013723922219948,0.014477313419726672
108,0.9241405937099326,0.003634236845102276,0.00026466964434429643,0.0006356356635720744,0.031181255690377656,0.0015786903919134598,0.012533157701194703,0.0005673243055081277,0.011426961497975242,0.01403747455007941
109,0.1762921652563418,0.32155252741727985,0.019787393666490582,0.2123818767052603,0.05224320486154151,0.09642793200686449,0.05266717715769169,0.006331545476649295,0.03114133445155964,0.031174843000320845
110,0.4245023667670873,0.007988078361816423,0.01568323149223357,0.12470775450601887,0.05259195068127771,0.03519173597380103,0.01364349585246706,0.2964161750524013,0.01398920091959373,0.015286010393302959
111,0.09824254330790562,0.12763935856632838,0.5205511955871734,0.032201461111565285,0.0562435258343495,0.04663303732627755,0.026598475867691047,0.024722594169320374,0.037320988378413335,0.029846819850975464
112,0.0048660458222469,0.8057413257314884,0.05739436649393605,5.103605364068178e-05,0.04997584019873482,0.025480559104272577,0.020229031989245038,0.0014954279663591237,0.020465372705569158,0.014300993934507253
113,0.8134502565847475,0.021727456137384808,0.0019205659055006685,0.0013465157304951277,0.046783646288103685,0.01264381535608402,0.02040573976181596,0.04716883772080762,0.017348384234566274,0.0172047822804945
114,0.7478801259459534,0.01900513576940768,0.008005791300640311,0.003755709951900728,0.047632819410226894,0.014054984352891795,0.04517372225864893,0.07151154371373182,0.02104725107245542,0.021932916224142944
115,0.9081211889942131,0.01737046135693251,0.004293102745600188,2.4744477917233016e-05,0.03506841004015958,0.0021560427218126348,0.0036832448485649523,0.0014841775343351904,0.013694363298833665,0.014104263981630963
116,0.4708891041292565,0.0016740492264806413,0.0017797097833449408,0.21687951712669676,0.051917461372943674,0.021532866718245423,0.06739506310672864,0.13037605119688925,0.01871294855635332,0.018843228783061168
117,0.8473405547928776,0.03234890860426817,0.023005914084783852,0.00028522882208628707,0.046886628968423175,0.0019059597797431707,0.01643676750328747,0.0013523308280223266,0.01558894143902203,0.01484876517748575
118,0.8501458932886565,0.010292553149850274,0.05322952058035004,0.0007358114202590845,0.03386752181266658,0.007001316779525165,0.009026297740228192,0.0016581356060797238,0.01686670429220166,0.01717624533018274
119,0.8999303044414604,0.007082359069446297,0.00361058478286173,0.0002462086525009459,0.03895941680164676,0.005046704372531336,0.013661607724220735,0.002468856947713828,0.013852095933704537,0.015141861273913445
120,0.6997436071841816,0.031713196134673285,0.10871507669861687,0.0020165316835237617,0.05920981179160907,0.016347062005104555,0.012595850279501558,0.02262596174753753,0.023860913717830945,0.02317198875742099
121,0.7596770574938605,0.011351718472674544,0.006743447026080624,0.0017358106986608787,0.03973408896068407,0.018908238728529755,0.01512289589859411,0.11794618397220194,0.013945176424300022,0.01483538232441361
122,0.9091988622226593,0.009646576003896417,0.0006040995455302921,0.0004783332085299302,0.03803044561710163,0.0025454195581883104,0.01198627682036482,0.002422913614689428,0.011930662603952865,0.013156410805086756
123,0.10826937908484928,0.6926265531528146,0.005266102002407904,0.051340300498647004,0.03843529738054614,0.044805725579286866,0.013550727765743295,0.001646765987153931,0.02314246467886563,0.02091668386968542
124,0.8703515731551459,0.02427294649763173,0.0017768418781147156,0.0017014534919517104,0.039710377603531896,0.0044229326354387755,0.016669816493014477,0.009745091534051972,0.014751443972341396,0.016597522738777463
125,0.11834231119142591,0.027236337538939684,0.6354671717111752,0.00617140591695687,0.057554928772553894,0.055507777064651716,0.04685846330469309,0.006089203796887448,0.024804471339700318,0.02196792936301594
126,0.18274419263782754,0.17589909913590338,0.035910993720912734,0.07087083912141584,0.1289218975785795,0.1717554166168915,0.11797812490323574,0.009826454067654701,0.06034315813860738,0.045749824078971754
127,0.7744264984749079,0.04055569948175381,0.013717870136687306,0.0037332981164011516,0.0438611494541318,0.020200995723220944,0.03632531720639873,0.018835106178144666,0.02342419580500233,0.024919869423351393
128,0.9124356771236961,0.008837800706035053,0.01054454372613804,0.0008243815464501345,0.035477606715008284,0.003320679887526351,0.003565915143546553,0.00052737198447526,0.011631539778660785,0.012834483388463241
129,0.005785976119511102,0.3894652555325131,0.18862413243876883,0.21075064547757658,0.028964915492151064,0.11908499704399789,0.011036818256169003,0.007093977270193781,0.022708447629269057,0.016484834739849522
130,0.18781392118417262,0.6981505801364386,0.0001975682717481843,0.017865888414170906,0.028403439197050268,0.007609318293213643,0.02353866307658439,9.438246880674361e-05,0.017658577882221853,0.018667661075592763
131,0.29608141966001467,0.006392249350604285,0.02185893518453919,0.08044044773103405,0.12836452617898694,0.32009222137230087,0.0637245560149448,0.006209524980999033,0.04443598950709712,0.032400130019478945
132,0.6852202875122947,0.0018555602533673016,0.001580473912398785,0.0005782305550733486,0.035001178393000015,0.006601917185718336,0.025633582720960855,0.21844539916632283,0.011211720485284281,0.013871649815579647
133,0.7795141580370459,0.005717205391887689,0.0025783421816062595,0.007908731833385366,0.0466285650047806,0.03483777336872091,0.01808327884197728,0.06971493765253985,0.0174868799545128,0.017530127733543285
134,0.08968840880522137,0.1105002750758174,0.012600507587379833,0.04792905011367437,0.11691404167388703,0.15733235965203984,0.09432419565351075,0.2764690048988743,0.052333041829591725,0.041909114710003345
135,0.7894313243058108,0.015495363449945666,0.07315029922323973,0.012823272075289964,0.04315041850973526,0.021692807742138477,0.010519522337757095,0.00039535109942179047,0.01834164978069719,0.014999991475963995
136,0.10422717572786146,0.07092902156069443,0.0030742568726432437,0.6117657039364208,0.03998691933724316,0.06063235428918131,0.026050284245743075,0.05071101111236725,0.016851313342080766,0.015771959575764462
137,0.1425402679571634,0.0542899870130663,0.11607596880329865,0.013943321266908101,0.05049135151937395,0.5437830267523993,0.026564568232258792,0.004714832007045596,0.028241578011876153,0.01935509843660979
138,0.09005860095529085,0.002890881247443472,0.6993456618329638,0.01159785447982133,0.06779379833671557,0.07819470826994204,0.011292468552469563,0.0010256127463010136,0.0230795797385038,0.014720833840548599
139,0.5784831849003972,0.0027721189056995944,0.13687269499572924,0.021368730875871537,0.07353648116653012,0.08729766564242994,0.027613580455386894,0.014728895602498866,0.032258638716271326,0.025068008739185358
140,0.7232426667028534,0.0460594912799389,0.0035494717090810454,0.022235558545413377,0.051228413458290836,0.015476450085542439,0.01925171014258411,0.07734461185022437,0.02142649796631209,0.020185128259759298
141,0.6561842605659343,0.07458175341077584,0.0025045504788431907,0.011162269252528934,0.05018128738929169,0.01605625433721552,0.0428118193915889,0.10949006159297894,0.01769114801110628,0.01933659556973659
142,0.5126322692022046,0.025470403926506752,0.005634984852004929,0.009494181153911633,0.040359638960800505,0.006797966367105627,0.03680679526494924,0.32512762372921533,0.017280236763129078,0.020395899780172238
143,0.2871965744893161,0.29682034918258804,0.0033361804992988334,0.00595614887554732,0.08507129751352085,0.034834995725822014,0.15354611802990428,0.06018161581577156,0.036428727745288866,0.03662799212294216
144,0.8729728939643758,0.0030757962283355883,0.005765281992730967,0.0010351513193044971,0.051512887438574746,0.004652641692273851,0.011051894923904874,0.025916887965035745,0.011342543087962417,0.012674021387501259
145,0.36709132766361613,0.039964639674559384,0.05334187235391452,0.07178111370731391,0.07416153332467351,0.1624191105398326,0.14146780788739263,0.015811904947526177,0.03777197971497092,0.03618871018620017
146,0.6064362125388287,0.004973279981469876,0.0005326061819973744,0.00045914297165285795,0.02935927336333868,0.003986091016968301,0.00882664440825746,0.3221351645917723,0.01131733619222843,0.011974248753486025
147,0.22049676502501972,0.6419653367128921,0.0006136303220589057,0.003508329320053608,0.04023679188126825,0.0038816161002861497,0.04134103612630654,0.013520136341618711,0.0154218910605123,0.01901446710998388
148,0.7374173260575062,0.028627335038409946,0.007177994663600543,0.020125114622703135,0.05315255671556503,0.08151840308624249,0.017765533377152833,0.01558833214287409,0.02068703476741672,0.017940369528529062
149,0.08826051515200907,0.17580896301221272,0.2432769043539414,0.002815851347656291,0.1606640462455297,0.18354467311959574,0.041454815378160585,0.0006165628868909551,0.06278124151361049,0.040776426990393064
150,0.5608814843472025,0.2902848782112027,0.06814354739305752,0.00022331015506835608,0.03908986760152246,0.0016566349531739436,0.004538674031875266,0.003118363032011888,0.015575999379466021,0.016487240895419447
151,0.3888204410602033,0.5169153562489329,0.007268149224144551,0.011853479613356326,0.028008493592040617,0.005501552022466686,0.012764065274164033,0.00040901264156738087,0.013515904846763231,0.01494354547636107
152,0.600390064466531,0.007614094517259598,0.010836688705261836,0.08114494774317245,0.055211005146821354,0.04790856766225767,0.0501486644721584,0.09865415546122082,0.02445840556825865,0.02363340625705816
153,0.10715080485111864,0.785442717750755,0.001759550472802901,0.020129890900906798,0.03621123272921582,0.0038698148647804396,0.011988474013242717,0.0007962114640832131,0.01654039425412007,0.016110908698974417
154,0.0685763025192689,0.3124031085630481,0.013730862385398083,0.36366820844715236,0.06516984795785852,0.05145249987416053,0.0739350886774298,0.009838290211487296,0.021717262119217453,0.019508529244979072
155,0.08502867718039403,0.29465517969511446,0.0319832646079874,0.11252712185215417,0.06493687456296936,0.2769344239729859,0.0705228735800015,0.0020314244968405166,0.033498049425538585,0.027882110626014
156,0.7684938093400968,0.06830828260862362,0.0013503032467210411,0.034233124001439595,0.03336393349888478,0.028579380414822254,0.02178186153436653,0.0026697399478547005,0.019980191909743115,0.02123937349744732
157,0.17875949889414317,0.015257987186553827,0.07843290746126412,0.007748490935717998,0.08584702970153668,0.12235208959301101,0.11614495662419352,0.32663028205986555,0.034732241411922694,0.034094516131791465
158,0.4663607412815687,0.04660288916873847,0.0017012719820070565,0.006688802853406641,0.055023702959545534,0.07583145930798121,0.09550509111276878,0.2097769080426927,0.021088455418942238,0.0214206778723487
159,0.5625325274929495,0.05610113412538694,0.0014111965060443082,0.03920821272063221,0.054242699962867194,0.06175011923329626,0.058124826292889196,0.11681163621130022,0.0243399670606031,0.025477680394031064
160,0.676647468542687,0.0193072864113987,0.01743319973942025,0.05975533069806068,0.0661209016857089,0.06793891826917305,0.028813203971315426,0.009001581309782472,0.030381041363832913,0.02460106800862067
161,0.7228764547568084,0.015904759898732957,0.005999521506272092,0.0010967170346138351,0.0593607058025174,0.02230713714745596,0.07639954712180162,0.04632017330323522,0.025340351677708848,0.024394631750853695
162,0.3120015718928684,0.13549452155033548,0.022046255797038124,0.20645073741943598,0.06408116906703008,0.12413430153178993,0.0578932321836059,0.011335490424456827,0.03316635722986007,0.03339636290357922
163,0.5433676078528257,0.012347660568480573,0.017989436749939157,0.006279786466525392,0.065279104153389,0.05327152475284479,0.08177002234452466,0.16417974003588498,0.02722791170253978,0.028287205373046107
164,0.05202651383208253,0.631237368469254,0.0030078595385600376,0.058475791097628,0.03172836462965929,0.17881840380533498,0.007669443799136059,7.529027634431075e-05,0.020097492761724525,0.016863471790276238
165,0.1861063150343894,0.02372965285748201,0.01678276826936625,0.3078985379261913,0.08495179212602634,0.14539034204668344,0.07157504528115693,0.09151573955643967,0.03705589120817194,0.03499391569409279
166,0.48960267364656823,0.07209807306123578,0.027537737844438054,0.05611035893924398,0.06854739232348672,0.09061636765474916,0.058164590794720895,0.07285605936670048,0.03260325154236827,0.03186349482648847
167,0.48426410468199205,0.015639255260814975,0.003013132606486166,0.01737720933827965,0.06953324188049195,0.043471005710347906,0.06467581260615125,0.24952312910839514,0.025887252515635815,0.02661585629140504
168,0.7773597075312418,0.024412631474486052,0.021914565706244594,0.002421929598714419,0.04737483362955638,0.048841526782739356,0.03422560404303557,0.0036088994703000923,0.022212433752356157,0.017627868011325588
169,0.3243744979932751,0.025043718525953454,0.08212365115607129,0.24397841830192982,0.04690508460983658,0.1919556305388186,0.018325007998386884,0.02184256065929634,0.023277147763879413,0.022174282452552627
170,0.24285009050735928,0.08214212637840881,0.005351263992382194,0.21819211567456523,0.07833127645295966,0.1826584297468126,0.05863415073320219,0.06154963057464948,0.036617460732358054,0.03367345520730251
171,0.07427115051874032,0.6847787632373251,0.03610703114737344,0.06981172621042227,0.031574069507264726,0.05078388579627375,0.022474317725561653,0.00040933338546326407,0.014705386471301544,0.01508433600027409
172,0.5174128133158667,0.005285949289748141,0.002964993307386208,0.027186052436442898,0.0662511718760993,0.16647669378099342,0.04660223365071273,0.12059781586163756,0.024612767859197516,0.022609508621915464
173,0.6298518756838762,0.0008086948932821682,0.007112981448690593,0.011608489042721019,0.05599920963344728,0.02641615764741814,0.02653619014910178,0.21117746377379723,0.016116353932163353,0.014372583795502228
174,0.49695656446643316,0.027950858253481738,0.0032970329395572684,0.10475203547423673,0.06473914591666043,0.1530430099755908,0.028616814295603477,0.06518667453696914,0.028212426566894756,0.027245437574572356
175,0.8779718592279805,0.005645513063710741,0.026648365338363945,0.00507053024842288,0.02939380539492895,0.0063868045469694336,0.012414798427489286,0.0010472269405343315,0.016796812505072166,0.01862428430652777
176,0.42518597415363735,0.4994181526670004,0.00045862212355824507,0.0030675877739470615,0.026207814465204073,0.002941660811800678,0.01476469239857844,0.0002171229130914203,0.01361094173138881,0.014127430961793565
177,0.5714811849649342,0.26934695091440497,0.037723633173011056,0.0025514383678902045,0.04411491717598553,0.009237656204662062,0.017056051099319316,0.016792011801798134,0.015393967286365322,0.01630218901162945
178,0.5274865213419866,0.12272632733776269,0.00557454733454543,0.04837157106870559,0.06471673563370903,0.0970950944759147,0.0552947889973125,0.028361382037291116,0.0232105364617004,0.02716249531107195
179,0.3436299761077296,0.010725601391871733,0.005625957649058316,0.025158859167905067,0.0715794193126646,0.23339045581759874,0.03563745712454805,0.22720413898272504,0.0237945349769362,0.02325359946896254
180,0.6709521571582517,0.06861678467790516,0.007076704325063496,0.022026327704546954,0.06413002851134596,0.03981835804340424,0.06191504629245723,0.016457633275372904,0.02370140972585832,0.02530555028579404
181,0.8668656209887768,0.013768322254776146,0.002282093745989653,0.002466343007720026,0.03944789693025065,0.003630877044392375,0.017159342747798807,0.02493044725621094,0.013930037119477698,0.015519018904606772
182,0.715188139078801,0.07376646235382382,0.007250508019825552,0.011154002760022423,0.04703603305825962,0.01832759807221832,0.009805352748696657,0.07910214465467975,0.019878141986119285,0.01849161726755365
183,0.059165601611730054,0.8035443332013845,0.03495966581535851,0.0067603560570594695,0.036168549850433857,0.020258855820969392,0.006216705214191278,5.993292058710045e-06,0.01837593121456252,0.014544007922251932
184,0.1337561228010884,0.34475331822032346,0.08944808766989187,0.017031929016790685,0.04539726166465401,0.2602890017801184,0.0480881064397073,0.00014413399465038407,0.03268192039466081,0.028410118018114713
185,0.3953864402084244,0.3679839925694841,0.0053325426559417645,0.055027240862880716,0.054733293367094454,0.03486237845282005,0.03180612271409473,0.0016379188517498286,0.027766487519969865,0.025463582797540126
186,0.8905572507906566,0.011122862843113908,0.005278490759736884,0.00034179295771658133,0.05057526058289336,0.00525791964436304,0.0049103391213695955,0.005158186838484929,0.013431544435191144,0.013366352026473974
187,0.05447299101715738,0.0028883341059534194,0.691283608475386,0.0369986042979575,0.058457711267868535,0.08832221017840575,0.019573917782405876,0.01456999360059796,0.019750161353121905,0.013682467921145828
188,0.4949804641264626,0.0023925392254976747,0.15725771192526708,0.04817556573084649,0.0627029597599739,0.05558458016910798,0.04734372448353335,0.08126522533985779,0.02632251636432487,0.023974712875128392
189,0.6863839262397373,0.08641955093552067,0.013543954533346182,0.04552803916471253,0.0604950832326286,0.01643986076183616,0.03449179049848579,0.005853665813138989,0.025595829079397794,0.025248299741196002
190,0.20733274363111862,0.09461405275564914,0.0028845717498343568,0.4311238987310119,0.062427130725551984,0.045498610799411664,0.06486885320576465,0.040840445149866934,0.0234779568234147,0.026931736428376107
191,0.10486641887310394,0.3658367947095751,0.05757643013938802,0.12270997327039652,0.09072485228733994,0.08459041135742537,0.09788164707204913,0.004632873398165672,0.0372310163628646,0.033949582529691685
192,0.23954017872127958,0.6663350080053346,0.00911308171810529,0.0038795463447948058,0.0329382803536124,0.007437324246828995,0.005416266395285194,6.746481133590692e-05,0.019975808477811913,0.01529704092561135
